Total Accesses:,2106936
Frames,Missees,Miss Rate
1,2106895,0.999981
2,2106872,0.999970
3,2106858,0.999963
4,2106845,0.999957
5,2106824,0.999947
6,2106807,0.999939
7,2106791,0.999931
8,2106786,0.999929
9,2106771,0.999922
10,2106764,0.999918
11,2106750,0.999912
12,2106741,0.999907
13,2106731,0.999903
14,2106716,0.999896
15,2106710,0.999893
16,2106694,0.999885
17,2106683,0.999880
18,2106676,0.999877
19,2106667,0.999872
20,2106663,0.999870
21,2106650,0.999864
22,2106633,0.999856
23,2106625,0.999852
24,2106618,0.999849
25,2106606,0.999843
26,2106597,0.999839
27,2106588,0.999835
28,2106580,0.999831
29,2106568,0.999825
30,2106565,0.999824
31,2106557,0.999820
32,2106545,0.999814
33,2106536,0.999810
34,2106529,0.999807
35,2106519,0.999802
36,2106514,0.999800
37,2106511,0.999798
38,2106506,0.999796
39,2106502,0.999794
40,2106497,0.999792
41,2106491,0.999789
42,2106481,0.999784
43,2106473,0.999780
44,2106469,0.999778
45,2106457,0.999773
46,2106449,0.999769
47,2106442,0.999766
48,2106435,0.999762
49,2106430,0.999760
50,2106424,0.999757
51,2106420,0.999755
52,2106414,0.999752
53,2106407,0.999749
54,2106402,0.999747
55,2106395,0.999743
56,2106387,0.999739
57,2106373,0.999733
58,2106367,0.999730
59,2106362,0.999728
60,2106353,0.999723
61,2106347,0.999720
62,2106341,0.999718
63,2106331,0.999713
64,2106323,0.999709
65,2106317,0.999706
66,2106313,0.999704
67,2106304,0.999700
68,2106297,0.999697
69,2106290,0.999693
70,2106282,0.999690
71,2106279,0.999688
72,2106272,0.999685
73,2106269,0.999683
74,2106262,0.999680
75,2106258,0.999678
76,2106253,0.999676
77,2106246,0.999673
78,2106237,0.999668
79,2106227,0.999663
80,2106223,0.999662
81,2106216,0.999658
82,2106212,0.999656
83,2106206,0.999654
84,2106200,0.999651
85,2106191,0.999646
86,2106187,0.999645
87,2106177,0.999640
88,2106169,0.999636
89,2106165,0.999634
90,2106154,0.999629
91,2106143,0.999624
92,2106138,0.999621
93,2106131,0.999618
94,2106122,0.999614
95,2106113,0.999609
96,2106106,0.999606
97,2106099,0.999603
98,2106093,0.999600
99,2106090,0.999598
100,2106081,0.999594
101,2106076,0.999592
102,2106070,0.999589
103,2106065,0.999587
104,2106062,0.999585
105,2106052,0.999580
106,2106045,0.999577
107,2106036,0.999573
108,2106028,0.999569
109,2106025,0.999568
110,2106017,0.999564
111,2106015,0.999563
112,2106008,0.999560
113,2106002,0.999557
114,2105995,0.999553
115,2105989,0.999551
116,2105984,0.999548
117,2105974,0.999543
118,2105963,0.999538
119,2105959,0.999536
120,2105952,0.999533
121,2105944,0.999529
122,2105937,0.999526
123,2105931,0.999523
124,2105925,0.999520
125,2105922,0.999519
126,2105915,0.999515
127,2105906,0.999511
128,2105904,0.999510
129,2105891,0.999504
130,2105884,0.999501
131,2105877,0.999497
132,2105871,0.999495
133,2105857,0.999488
134,2105852,0.999486
135,2105845,0.999482
136,2105831,0.999476
137,2105827,0.999474
138,2105823,0.999472
139,2105815,0.999468
140,2105812,0.999467
141,2105805,0.999463
142,2105800,0.999461
143,2105787,0.999455
144,2105782,0.999452
145,2105774,0.999448
146,2105770,0.999447
147,2105764,0.999444
148,2105755,0.999439
149,2105753,0.999439
150,2105749,0.999437
151,2105747,0.999436
152,2105740,0.999432
153,2105737,0.999431
154,2105731,0.999428
155,2105720,0.999423
156,2105715,0.999420
157,2105708,0.999417
158,2105701,0.999414
159,2105700,0.999413
160,2105690,0.999409
161,2105680,0.999404
162,2105672,0.999400
163,2105666,0.999397
164,2105662,0.999395
165,2105655,0.999392
166,2105647,0.999388
167,2105640,0.999385
168,2105629,0.999380
169,2105626,0.999378
170,2105617,0.999374
171,2105609,0.999370
172,2105604,0.999368
173,2105594,0.999363
174,2105591,0.999362
175,2105585,0.999359
176,2105578,0.999355
177,2105575,0.999354
178,2105572,0.999353
179,2105567,0.999350
180,2105558,0.999346
181,2105553,0.999344
182,2105545,0.999340
183,2105538,0.999336
184,2105534,0.999335
185,2105531,0.999333
186,2105526,0.999331
187,2105519,0.999327
188,2105513,0.999325
189,2105507,0.999322
190,2105503,0.999320
191,2105499,0.999318
192,2105495,0.999316
193,2105490,0.999314
194,2105481,0.999309
195,2105472,0.999305
196,2105468,0.999303
197,2105457,0.999298
198,2105451,0.999295
199,2105448,0.999294
200,2105435,0.999288
201,2105430,0.999285
202,2105417,0.999279
203,2105414,0.999278
204,2105411,0.999276
205,2105404,0.999273
206,2105401,0.999271
207,2105391,0.999267
208,2105388,0.999265
209,2105381,0.999262
210,2105376,0.999260
211,2105367,0.999255
212,2105361,0.999252
213,2105355,0.999250
214,2105351,0.999248
215,2105348,0.999246
216,2105338,0.999242
217,2105329,0.999237
218,2105323,0.999234
219,2105315,0.999231
220,2105308,0.999227
221,2105297,0.999222
222,2105292,0.999220
223,2105283,0.999215
224,2105279,0.999214
225,2105267,0.999208
226,2105257,0.999203
227,2105253,0.999201
228,2105249,0.999199
229,2105240,0.999195
230,2105230,0.999190
231,2105225,0.999188
232,2105218,0.999185
233,2105209,0.999180
234,2105201,0.999177
235,2105195,0.999174
236,2105190,0.999171
237,2105185,0.999169
238,2105180,0.999167
239,2105174,0.999164
240,2105169,0.999161
241,2105165,0.999159
242,2105156,0.999155
243,2105152,0.999153
244,2105146,0.999150
245,2105135,0.999145
246,2105134,0.999145
247,2105123,0.999140
248,2105118,0.999137
249,2105109,0.999133
250,2105105,0.999131
251,2105098,0.999128
252,2105093,0.999125
253,2105086,0.999122
254,2105079,0.999119
255,2105071,0.999115
256,2105068,0.999113
257,2105058,0.999109
258,2105054,0.999107
259,2105048,0.999104
260,2105044,0.999102
261,2105039,0.999100
262,2105032,0.999096
263,2105028,0.999094
264,2105023,0.999092
265,2105020,0.999091
266,2105016,0.999089
267,2105013,0.999087
268,2105005,0.999084
269,2104999,0.999081
270,2104991,0.999077
271,2104987,0.999075
272,2104980,0.999072
273,2104977,0.999070
274,2104971,0.999067
275,2104966,0.999065
276,2104958,0.999061
277,2104949,0.999057
278,2104941,0.999053
279,2104937,0.999051
280,2104933,0.999049
281,2104931,0.999048
282,2104921,0.999044
283,2104917,0.999042
284,2104907,0.999037
285,2104906,0.999037
286,2104892,0.999030
287,2104886,0.999027
288,2104879,0.999024
289,2104873,0.999021
290,2104867,0.999018
291,2104857,0.999013
292,2104846,0.999008
293,2104841,0.999006
294,2104832,0.999001
295,2104826,0.998999
296,2104820,0.998996
297,2104813,0.998992
298,2104804,0.998988
299,2104799,0.998986
300,2104792,0.998982
301,2104786,0.998980
302,2104778,0.998976
303,2104771,0.998972
304,2104768,0.998971
305,2104765,0.998970
306,2104762,0.998968
307,2104756,0.998965
308,2104748,0.998962
309,2104741,0.998958
310,2104738,0.998957
311,2104733,0.998954
312,2104726,0.998951
313,2104720,0.998948
314,2104716,0.998946
315,2104710,0.998943
316,2104705,0.998941
317,2104697,0.998937
318,2104693,0.998935
319,2104690,0.998934
320,2104685,0.998932
321,2104676,0.998927
322,2104669,0.998924
323,2104665,0.998922
324,2104661,0.998920
325,2104654,0.998917
326,2104648,0.998914
327,2104644,0.998912
328,2104639,0.998910
329,2104633,0.998907
330,2104626,0.998904
331,2104621,0.998901
332,2104613,0.998897
333,2104610,0.998896
334,2104601,0.998892
335,2104598,0.998890
336,2104591,0.998887
337,2104588,0.998886
338,2104586,0.998885
339,2104580,0.998882
340,2104576,0.998880
341,2104569,0.998877
342,2104565,0.998875
343,2104558,0.998871
344,2104552,0.998868
345,2104548,0.998867
346,2104543,0.998864
347,2104538,0.998862
348,2104534,0.998860
349,2104533,0.998859
350,2104527,0.998857
351,2104519,0.998853
352,2104509,0.998848
353,2104499,0.998843
354,2104495,0.998841
355,2104492,0.998840
356,2104488,0.998838
357,2104487,0.998838
358,2104481,0.998835
359,2104476,0.998832
360,2104470,0.998830
361,2104460,0.998825
362,2104455,0.998822
363,2104447,0.998819
364,2104441,0.998816
365,2104435,0.998813
366,2104428,0.998810
367,2104422,0.998807
368,2104408,0.998800
369,2104405,0.998799
370,2104397,0.998795
371,2104393,0.998793
372,2104387,0.998790
373,2104380,0.998787
374,2104370,0.998782
375,2104360,0.998777
376,2104353,0.998774
377,2104349,0.998772
378,2104346,0.998771
379,2104340,0.998768
380,2104337,0.998766
381,2104328,0.998762
382,2104319,0.998758
383,2104314,0.998756
384,2104309,0.998753
385,2104304,0.998751
386,2104299,0.998748
387,2104291,0.998745
388,2104290,0.998744
389,2104286,0.998742
390,2104278,0.998738
391,2104272,0.998736
392,2104265,0.998732
393,2104261,0.998730
394,2104257,0.998728
395,2104255,0.998728
396,2104242,0.998721
397,2104238,0.998719
398,2104232,0.998717
399,2104224,0.998713
400,2104218,0.998710
401,2104211,0.998707
402,2104207,0.998705
403,2104205,0.998704
404,2104200,0.998701
405,2104193,0.998698
406,2104186,0.998695
407,2104184,0.998694
408,2104180,0.998692
409,2104174,0.998689
410,2104169,0.998687
411,2104160,0.998682
412,2104156,0.998681
413,2104155,0.998680
414,2104150,0.998678
415,2104144,0.998675
416,2104138,0.998672
417,2104134,0.998670
418,2104132,0.998669
419,2104125,0.998666
420,2104120,0.998663
421,2104111,0.998659
422,2104104,0.998656
423,2104099,0.998653
424,2104093,0.998651
425,2104089,0.998649
426,2104083,0.998646
427,2104080,0.998644
428,2104075,0.998642
429,2104067,0.998638
430,2104062,0.998636
431,2104057,0.998634
432,2104053,0.998632
433,2104051,0.998631
434,2104045,0.998628
435,2104040,0.998625
436,2104033,0.998622
437,2104023,0.998617
438,2104016,0.998614
439,2104008,0.998610
440,2104000,0.998607
441,2103996,0.998605
442,2103990,0.998602
443,2103984,0.998599
444,2103977,0.998596
445,2103972,0.998593
446,2103965,0.998590
447,2103962,0.998588
448,2103956,0.998586
449,2103948,0.998582
450,2103944,0.998580
451,2103939,0.998578
452,2103932,0.998574
453,2103926,0.998571
454,2103919,0.998568
455,2103916,0.998567
456,2103915,0.998566
457,2103913,0.998565
458,2103909,0.998563
459,2103903,0.998560
460,2103896,0.998557
461,2103889,0.998554
462,2103884,0.998551
463,2103876,0.998548
464,2103866,0.998543
465,2103857,0.998539
466,2103856,0.998538
467,2103851,0.998536
468,2103843,0.998532
469,2103840,0.998531
470,2103837,0.998529
471,2103831,0.998526
472,2103828,0.998525
473,2103824,0.998523
474,2103819,0.998521
475,2103814,0.998518
476,2103811,0.998517
477,2103803,0.998513
478,2103797,0.998510
479,2103790,0.998507
480,2103784,0.998504
481,2103779,0.998502
482,2103777,0.998501
483,2103771,0.998498
484,2103766,0.998495
485,2103761,0.998493
486,2103754,0.998490
487,2103751,0.998488
488,2103748,0.998487
489,2103739,0.998483
490,2103734,0.998480
491,2103724,0.998476
492,2103719,0.998473
493,2103709,0.998468
494,2103702,0.998465
495,2103697,0.998463
496,2103694,0.998461
497,2103690,0.998459
498,2103683,0.998456
499,2103677,0.998453
500,2103673,0.998451
501,2103665,0.998448
502,2103659,0.998445
503,2103653,0.998442
504,2103650,0.998440
505,2103645,0.998438
506,2103640,0.998436
507,2103634,0.998433
508,2103630,0.998431
509,2103623,0.998428
510,2103616,0.998424
511,2103610,0.998421
512,2103605,0.998419
513,2103600,0.998417
514,2103596,0.998415
515,2103592,0.998413
516,2103584,0.998409
517,2103576,0.998405
518,2103573,0.998404
519,2103567,0.998401
520,2103563,0.998399
521,2103559,0.998397
522,2103558,0.998397
523,2103550,0.998393
524,2103543,0.998390
525,2103534,0.998385
526,2103525,0.998381
527,2103516,0.998377
528,2103509,0.998373
529,2103505,0.998372
530,2103501,0.998370
531,2103496,0.998367
532,2103493,0.998366
533,2103489,0.998364
534,2103485,0.998362
535,2103479,0.998359
536,2103473,0.998356
537,2103471,0.998355
538,2103468,0.998354
539,2103466,0.998353
540,2103461,0.998351
541,2103455,0.998348
542,2103452,0.998346
543,2103448,0.998345
544,2103442,0.998342
545,2103434,0.998338
546,2103428,0.998335
547,2103426,0.998334
548,2103422,0.998332
549,2103414,0.998328
550,2103406,0.998325
551,2103404,0.998324
552,2103398,0.998321
553,2103394,0.998319
554,2103391,0.998317
555,2103384,0.998314
556,2103381,0.998313
557,2103377,0.998311
558,2103368,0.998307
559,2103359,0.998302
560,2103355,0.998300
561,2103349,0.998298
562,2103345,0.998296
563,2103337,0.998292
564,2103335,0.998291
565,2103329,0.998288
566,2103324,0.998286
567,2103321,0.998284
568,2103318,0.998283
569,2103315,0.998281
570,2103312,0.998280
571,2103305,0.998277
572,2103303,0.998276
573,2103298,0.998273
574,2103293,0.998271
575,2103289,0.998269
576,2103284,0.998267
577,2103277,0.998263
578,2103272,0.998261
579,2103264,0.998257
580,2103261,0.998256
581,2103252,0.998251
582,2103245,0.998248
583,2103240,0.998246
584,2103235,0.998243
585,2103229,0.998241
586,2103223,0.998238
587,2103221,0.998237
588,2103216,0.998234
589,2103213,0.998233
590,2103206,0.998230
591,2103198,0.998226
592,2103190,0.998222
593,2103183,0.998219
594,2103180,0.998217
595,2103175,0.998215
596,2103169,0.998212
597,2103164,0.998210
598,2103159,0.998207
599,2103150,0.998203
600,2103142,0.998199
601,2103138,0.998197
602,2103131,0.998194
603,2103127,0.998192
604,2103120,0.998189
605,2103115,0.998186
606,2103111,0.998185
607,2103109,0.998184
608,2103103,0.998181
609,2103096,0.998177
610,2103093,0.998176
611,2103087,0.998173
612,2103082,0.998171
613,2103078,0.998169
614,2103075,0.998167
615,2103067,0.998164
616,2103063,0.998162
617,2103056,0.998158
618,2103052,0.998157
619,2103047,0.998154
620,2103041,0.998151
621,2103034,0.998148
622,2103030,0.998146
623,2103021,0.998142
624,2103017,0.998140
625,2103015,0.998139
626,2103012,0.998138
627,2103006,0.998135
628,2103000,0.998132
629,2102996,0.998130
630,2102989,0.998127
631,2102984,0.998124
632,2102981,0.998123
633,2102974,0.998120
634,2102968,0.998117
635,2102965,0.998115
636,2102962,0.998114
637,2102959,0.998112
638,2102952,0.998109
639,2102949,0.998108
640,2102944,0.998105
641,2102942,0.998104
642,2102938,0.998102
643,2102933,0.998100
644,2102926,0.998097
645,2102923,0.998095
646,2102920,0.998094
647,2102910,0.998089
648,2102908,0.998088
649,2102901,0.998085
650,2102894,0.998082
651,2102887,0.998078
652,2102882,0.998076
653,2102879,0.998074
654,2102872,0.998071
655,2102867,0.998069
656,2102861,0.998066
657,2102858,0.998064
658,2102855,0.998063
659,2102851,0.998061
660,2102845,0.998058
661,2102844,0.998058
662,2102841,0.998056
663,2102837,0.998055
664,2102835,0.998054
665,2102829,0.998051
666,2102824,0.998048
667,2102822,0.998047
668,2102819,0.998046
669,2102817,0.998045
670,2102812,0.998043
671,2102804,0.998039
672,2102798,0.998036
673,2102790,0.998032
674,2102788,0.998031
675,2102782,0.998028
676,2102779,0.998027
677,2102773,0.998024
678,2102765,0.998020
679,2102758,0.998017
680,2102754,0.998015
681,2102745,0.998011
682,2102741,0.998009
683,2102736,0.998007
684,2102728,0.998003
685,2102719,0.997999
686,2102717,0.997998
687,2102714,0.997996
688,2102709,0.997994
689,2102705,0.997992
690,2102699,0.997989
691,2102693,0.997986
692,2102690,0.997985
693,2102687,0.997983
694,2102680,0.997980
695,2102678,0.997979
696,2102676,0.997978
697,2102673,0.997977
698,2102668,0.997974
699,2102659,0.997970
700,2102652,0.997967
701,2102649,0.997965
702,2102644,0.997963
703,2102633,0.997958
704,2102628,0.997955
705,2102620,0.997952
706,2102614,0.997949
707,2102608,0.997946
708,2102602,0.997943
709,2102596,0.997940
710,2102592,0.997938
711,2102586,0.997935
712,2102581,0.997933
713,2102570,0.997928
714,2102567,0.997926
715,2102562,0.997924
716,2102554,0.997920
717,2102550,0.997918
718,2102545,0.997916
719,2102537,0.997912
720,2102532,0.997910
721,2102525,0.997906
722,2102519,0.997904
723,2102515,0.997902
724,2102513,0.997901
725,2102507,0.997898
726,2102502,0.997896
727,2102495,0.997892
728,2102491,0.997890
729,2102489,0.997889
730,2102482,0.997886
731,2102480,0.997885
732,2102471,0.997881
733,2102466,0.997878
734,2102456,0.997874
735,2102451,0.997871
736,2102443,0.997868
737,2102436,0.997864
738,2102429,0.997861
739,2102422,0.997858
740,2102413,0.997853
741,2102409,0.997851
742,2102403,0.997849
743,2102398,0.997846
744,2102393,0.997844
745,2102391,0.997843
746,2102386,0.997840
747,2102381,0.997838
748,2102377,0.997836
749,2102370,0.997833
750,2102363,0.997830
751,2102359,0.997828
752,2102354,0.997825
753,2102349,0.997823
754,2102344,0.997821
755,2102339,0.997818
756,2102331,0.997814
757,2102328,0.997813
758,2102322,0.997810
759,2102318,0.997808
760,2102315,0.997807
761,2102311,0.997805
762,2102308,0.997803
763,2102299,0.997799
764,2102293,0.997796
765,2102288,0.997794
766,2102282,0.997791
767,2102273,0.997787
768,2102269,0.997785
769,2102264,0.997783
770,2102259,0.997780
771,2102253,0.997777
772,2102250,0.997776
773,2102246,0.997774
774,2102238,0.997770
775,2102234,0.997768
776,2102227,0.997765
777,2102224,0.997764
778,2102222,0.997763
779,2102215,0.997759
780,2102212,0.997758
781,2102206,0.997755
782,2102205,0.997755
783,2102199,0.997752
784,2102194,0.997749
785,2102188,0.997746
786,2102185,0.997745
787,2102178,0.997742
788,2102173,0.997739
789,2102168,0.997737
790,2102166,0.997736
791,2102162,0.997734
792,2102160,0.997733
793,2102156,0.997731
794,2102148,0.997728
795,2102141,0.997724
796,2102136,0.997722
797,2102132,0.997720
798,2102126,0.997717
799,2102123,0.997716
800,2102119,0.997714
801,2102108,0.997709
802,2102104,0.997707
803,2102099,0.997704
804,2102091,0.997700
805,2102087,0.997699
806,2102081,0.997696
807,2102074,0.997692
808,2102069,0.997690
809,2102060,0.997686
810,2102056,0.997684
811,2102047,0.997680
812,2102042,0.997677
813,2102033,0.997673
814,2102030,0.997672
815,2102023,0.997668
816,2102015,0.997664
817,2102010,0.997662
818,2102006,0.997660
819,2102000,0.997657
820,2101995,0.997655
821,2101988,0.997652
822,2101982,0.997649
823,2101975,0.997645
824,2101969,0.997643
825,2101962,0.997639
826,2101957,0.997637
827,2101952,0.997634
828,2101945,0.997631
829,2101939,0.997628
830,2101927,0.997623
831,2101924,0.997621
832,2101918,0.997618
833,2101917,0.997618
834,2101912,0.997615
835,2101906,0.997613
836,2101901,0.997610
837,2101897,0.997608
838,2101891,0.997606
839,2101888,0.997604
840,2101882,0.997601
841,2101874,0.997597
842,2101868,0.997595
843,2101864,0.997593
844,2101858,0.997590
845,2101855,0.997588
846,2101854,0.997588
847,2101851,0.997587
848,2101848,0.997585
849,2101844,0.997583
850,2101838,0.997580
851,2101831,0.997577
852,2101829,0.997576
853,2101822,0.997573
854,2101817,0.997570
855,2101811,0.997568
856,2101808,0.997566
857,2101798,0.997561
858,2101792,0.997559
859,2101790,0.997558
860,2101784,0.997555
861,2101779,0.997552
862,2101771,0.997549
863,2101769,0.997548
864,2101766,0.997546
865,2101762,0.997544
866,2101755,0.997541
867,2101748,0.997538
868,2101746,0.997537
869,2101738,0.997533
870,2101731,0.997530
871,2101725,0.997527
872,2101717,0.997523
873,2101711,0.997520
874,2101705,0.997517
875,2101698,0.997514
876,2101691,0.997511
877,2101686,0.997508
878,2101681,0.997506
879,2101676,0.997503
880,2101674,0.997503
881,2101669,0.997500
882,2101665,0.997498
883,2101662,0.997497
884,2101657,0.997494
885,2101654,0.997493
886,2101648,0.997490
887,2101645,0.997489
888,2101639,0.997486
889,2101631,0.997482
890,2101627,0.997480
891,2101624,0.997479
892,2101621,0.997477
893,2101616,0.997475
894,2101614,0.997474
895,2101608,0.997471
896,2101600,0.997467
897,2101596,0.997466
898,2101590,0.997463
899,2101581,0.997458
900,2101578,0.997457
901,2101573,0.997455
902,2101566,0.997451
903,2101560,0.997448
904,2101556,0.997447
905,2101549,0.997443
906,2101538,0.997438
907,2101531,0.997435
908,2101528,0.997433
909,2101524,0.997431
910,2101520,0.997429
911,2101517,0.997428
912,2101510,0.997425
913,2101504,0.997422
914,2101500,0.997420
915,2101493,0.997417
916,2101486,0.997413
917,2101478,0.997410
918,2101477,0.997409
919,2101474,0.997408
920,2101472,0.997407
921,2101468,0.997405
922,2101465,0.997403
923,2101460,0.997401
924,2101458,0.997400
925,2101452,0.997397
926,2101446,0.997394
927,2101443,0.997393
928,2101440,0.997391
929,2101437,0.997390
930,2101429,0.997386
931,2101426,0.997385
932,2101418,0.997381
933,2101411,0.997378
934,2101403,0.997374
935,2101399,0.997372
936,2101393,0.997369
937,2101388,0.997367
938,2101384,0.997365
939,2101381,0.997363
940,2101373,0.997360
941,2101368,0.997357
942,2101363,0.997355
943,2101357,0.997352
944,2101351,0.997349
945,2101343,0.997345
946,2101339,0.997344
947,2101336,0.997342
948,2101331,0.997340
949,2101327,0.997338
950,2101324,0.997336
951,2101318,0.997334
952,2101313,0.997331
953,2101311,0.997330
954,2101307,0.997328
955,2101304,0.997327
956,2101293,0.997322
957,2101290,0.997320
958,2101283,0.997317
959,2101275,0.997313
960,2101271,0.997311
961,2101268,0.997310
962,2101264,0.997308
963,2101256,0.997304
964,2101248,0.997300
965,2101238,0.997296
966,2101233,0.997293
967,2101232,0.997293
968,2101227,0.997290
969,2101223,0.997288
970,2101220,0.997287
971,2101217,0.997286
972,2101212,0.997283
973,2101208,0.997281
974,2101203,0.997279
975,2101194,0.997275
976,2101191,0.997273
977,2101187,0.997271
978,2101184,0.997270
979,2101180,0.997268
980,2101175,0.997266
981,2101173,0.997265
982,2101169,0.997263
983,2101164,0.997260
984,2101157,0.997257
985,2101150,0.997254
986,2101140,0.997249
987,2101136,0.997247
988,2101132,0.997245
989,2101129,0.997244
990,2101121,0.997240
991,2101114,0.997237
992,2101110,0.997235
993,2101102,0.997231
994,2101096,0.997228
995,2101091,0.997226
996,2101084,0.997223
997,2101080,0.997221
998,2101074,0.997218
999,2101068,0.997215
1000,2101063,0.997213
1001,2101058,0.997210
1002,2101052,0.997207
1003,2101047,0.997205
1004,2101045,0.997204
1005,2101040,0.997202
1006,2101035,0.997199
1007,2101026,0.997195
1008,2101024,0.997194
1009,2101023,0.997194
1010,2101016,0.997190
1011,2101014,0.997189
1012,2101004,0.997185
1013,2101000,0.997183
1014,2100998,0.997182
1015,2100992,0.997179
1016,2100988,0.997177
1017,2100982,0.997174
1018,2100976,0.997171
1019,2100975,0.997171
1020,2100967,0.997167
1021,2100960,0.997164
1022,2100957,0.997162
1023,2100953,0.997160
1024,2100947,0.997157
